3555 0573 0858 0000 10/31/17 21:09 03 02    25.9   3.870    100.23 000000
3556 0338 0600 0000 10/31/17 23:13 04 02   100.0   3.870    387.00 000000 LIMIT CUTOFF
3557 0220 0897 0000 11/01/17 04:52 03 02    27.2   3.870    105.26 000000
3558 0562 0897 0000 11/01/17 05:25 03 02    15.0   3.870     58.05 000000
3559 0421 0808 0000 11/01/17 05:33 01 04    53.0   3.410    180.73 000000
3560 0421 0808 0000 11/01/17 05:36 05 01    17.6   3.710     65.30 000000
3561 0620 0808 0000 11/01/17 06:32 02 04    48.5   3.410    165.39 000000
3562 0446 0209 0000 11/01/17 06:44 03 02    12.4   3.870     47.99 000000
3563 0326 0522 0000 11/01/17 07:09 03 02    29.2   3.870    113.00 000000
3564 0506 0222 0000 11/01/17 07:17 04 02    61.0   3.870    236.07 000000
3565 0532 0675 0000 11/01/17 07:21 05 01    18.3   3.710     67.89 000000
3566 0590 0769 0000 11/01/17 07:34 04 02    26.0   3.870    100.62 000000
3567 0593 0227 0000 11/01/17 07:35 03 02    69.5   3.870    268.97 000000
3568 0194 0675 0011 11/01/17 07:37 05 01    20.1   3.710     74.57 000000
3569 0224 0581 0000 11/01/17 07:46 06 01    12.1   3.710     44.89 000000
3570 0585 0808 0000 11/01/17 07:47 03 02    50.0   3.870    193.50 000000 LIMIT CUTOFF
3571 0610 0209 0000 11/01/17 07:50 04 02    31.4   3.870    121.52 000000
3572 0331 0659 0000 11/01/17 07:59 03 02    24.4   3.870     94.43 000000
3573 0140 0745 0000 11/01/17 08:11 02 04     5.6   3.410     19.10 000000
3574 0140 0745 0000 11/01/17 08:12 05 01    28.6   3.710    106.11 000000
3575 0601 0833 0000 11/01/17 08:52 02 04    30.0   3.410    102.30 000000
3576 0541 0209 0000 11/01/17 08:58 04 02    27.0   3.870    104.49 000000
3577 0603 0228 0000 11/01/17 09:03 06 01    17.4   3.710     64.55 000000
3578 0388 0754 0000 11/01/17 09:09 04 02    93.0   3.870    359.91 000000
3579 0566 0858 0000 11/01/17 09:52 05 01    13.4   3.710     49.71 000000
3580 0551 0858 0000 11/01/17 10:49 02 04    11.4   3.410     38.87 000000
3581 0575 0750 0000 11/01/17 11:36 03 02     5.2   3.870     20.12 000000
3582 0596 0769 0000 11/01/17 12:31 05 01    18.0   3.710     66.78 000000
3583 0594 0209 0000 11/01/17 12:55 04 02    32.0   3.870    123.84 000000
3584 0107 0556 0000 11/01/17 13:21 01 04     0.0   3.410      0.00 000000 TIMED OUT
3585 0107 0556 0000 11/01/17 13:23 01 04     0.0   3.410      0.00 000000 TIMED OUT
3586 0543 0209 0000 11/01/17 13:33 04 02    21.0   3.870     81.27 000000
3587 0611 0209 0000 11/01/17 13:40 04 02    24.0   3.870     92.88 000000
3588 0333 0600 0000 11/01/17 14:28 04 02   100.0   3.870    387.00 000000 LIMIT CUTOFF
3589 0294 0501 0000 11/01/17 14:54 04 02    85.0   3.870    328.95 000000
3590 0442 0754 0000 11/01/17 15:25 04 02   130.7   3.870    505.81 000000
3591 0617 0808 0000 11/01/17 15:50 03 02    50.0   3.870    193.50 000000
3592 0585 0808 0000 11/01/17 16:05 03 02    29.8   3.870    115.33 000000
3593 0557 0217 0000 11/01/17 16:35 03 02    30.3   3.870    117.26 000000
3594 0573 0858 0000 11/01/17 16:58 03 02    16.5   3.870     63.86 000000
3595 0512 0223 0000 11/01/17 17:00 04 02    87.0   3.870    336.69 000000
3596 0259 0754 0000 11/01/17 17:26 05 01    11.7   3.710     43.41 000000
3597 0617 0808 0000 11/01/17 17:53 04 02    30.0   3.870    116.10 000000
3598 0548 0858 0000 11/02/17 05:21 05 01    11.9   3.710     44.15 000000
3599 0325 0522 0000 11/02/17 06:24 04 02    27.3   3.870    105.65 000000
3600 0446 0209 0000 11/02/17 06:27 03 02     8.8   3.870     34.06 000000
3601 0231 0522 0005 11/02/17 06:30 05 01    23.0   3.710     85.33 000000
3602 0289 0821 0000 11/02/17 07:14 05 01    22.8   3.710     84.59 000000
3603 0430 0205 0000 11/02/17 07:18 05 01    20.0   3.710     74.20 000000
3604 0575 0750 0000 11/02/17 07:56 05 01    16.4   3.710     60.84 000000
3605 0388 0754 0000 11/02/17 08:42 04 02   124.1   3.870    480.27 000000
3606 0156 0646 0000 11/02/17 11:25 05 01    15.5   3.710     57.51 000000
3607 0122 0728 0000 11/02/17 11:49 06 01     6.6   3.710     24.49 000000
3608 0591 0769 0000 11/02/17 12:17 03 02    27.5   3.870    106.43 000000
3609 0289 0821 0000 11/02/17 13:04 05 01    10.0   3.710     37.10 000000
3610 0541 0209 0000 11/02/17 13:10 04 02    28.0   3.870    108.36 000000
3611 0107 0556 0000 11/02/17 13:20 05 01    20.0   3.710     74.20 000000
3612 0442 0754 0000 11/02/17 13:35 04 02    88.2   3.870    341.33 000000
3613 0531 0675 0000 11/02/17 13:51 05 01    25.2   3.710     93.49 000000
3614 0542 0209 0000 11/02/17 13:58 04 02    38.0   3.870    147.06 000000
3615 0611 0209 0000 11/02/17 14:18 04 02     9.0   3.870     34.83 000000
3616 0347 0577 0000 11/02/17 14:28 05 01    10.2   3.710     37.84 000000
3617 0165 0741 0000 11/02/17 14:49 05 01    10.4   3.710     38.58 000000
3618 0586 0215 0000 11/02/17 15:15 02 04    23.0   3.410     78.43 000000 TIMED OUT
3619 0617 0808 0000 11/02/17 16:10 04 02    64.0   3.870    247.68 000000
3620 0149 0758 0000 11/02/17 16:28 05 01    21.9   3.710     81.25 000000
3621 0557 0217 0000 11/02/17 16:37 03 02    28.5   3.870    110.30 000000
3622 0270 0897 0000 11/02/17 17:01 06 01    19.9   3.710     73.83 000000
3623 0487 0765 0000 11/02/17 17:24 05 01     9.8   3.710     36.36 000000
3624 0272 0897 0000 11/02/17 17:24 03 02    30.3   3.870    117.26 000000
3625 0614 0659 0000 11/02/17 18:33 03 02    23.3   3.870     90.17 000000
3626 0614 0659 0000 11/02/17 18:37 02 04    64.5   3.410    219.95 000000
3627 0113 0834 0000 11/02/17 19:18 01 04    81.0   3.410    276.21 000000
3628 0113 0834 0000 11/02/17 19:21 03 02    18.1   3.870     70.05 000000
3629 0421 0808 0000 11/03/17 05:31 05 01    23.0   3.710     85.33 000000
3630 0232 0522 0000 11/03/17 05:58 05 01    24.6   3.710     91.27 000000
3631 0446 0209 0000 11/03/17 06:19 04 02     7.2   3.870     27.86 000000
3632 0555 0887 0000 11/03/17 06:20 03 02    17.3   3.870     66.95 000000
3633 0555 0887 0000 11/03/17 06:23 01 04    98.7   3.410    336.57 000000
3634 0620 0808 0000 11/03/17 06:59 02 04    34.9   3.410    119.01 000000
3635 0122 0728 0000 11/03/17 07:48 06 01     3.2   3.710     11.87 000000
3636 0331 0659 0000 11/03/17 08:10 01 04    89.0   3.410    303.49 000000
3637 0331 0659 0000 11/03/17 08:12 02 04    88.8   3.410    302.81 000000
3638 0331 0659 0000 11/03/17 08:12 04 02    12.6   3.870     48.76 000000
3639 0465 0887 0000 11/03/17 08:13 03 02    52.2   3.870    202.01 000000
3640 0507 0887 0000 11/03/17 08:16 03 02    17.2   3.870     66.56 000000
3641 0310 0887 0000 11/03/17 08:22 04 02    53.0   3.870    205.11 000000
3642 0617 0808 0000 11/03/17 09:04 04 02    76.0   3.870    294.12 000000
3643 0541 0209 0000 11/03/17 11:13 04 02    12.0   3.870     46.44 000000
3644 0442 0754 0000 11/03/17 11:33 04 02    50.8   3.870    196.60 000000
3645 0114 0834 0000 11/03/17 11:42 05 01     0.0   3.710      0.00 000000 TIMED OUT
3646 0114 0834 0000 11/03/17 11:45 06 01    17.5   3.710     64.93 000000
3647 0594 0209 0000 11/03/17 13:00 04 02    52.0   3.870    201.24 000000
3648 0595 0209 0000 11/03/17 13:20 04 02    17.0   3.870     65.79 000000
3649 0611 0209 0000 11/03/17 13:25 04 02     5.8   3.870     22.45 000000
3650 0123 0570 0000 11/03/17 13:35 05 01    11.8   3.710     43.78 000000
3651 0542 0209 0000 11/03/17 13:35 04 02    22.0   3.870     85.14 000000
3652 0586 0215 0000 11/03/17 13:46 02 04     9.3   3.410     31.71 000000
3653 0598 0511 0000 11/03/17 15:57 06 01    12.8   3.710     47.49 000000
3654 0550 0858 0000 11/03/17 16:19 01 04     8.0   3.410     27.28 000000
3655 0229 0681 0000 11/03/17 19:22 05 01    23.0   3.710     85.33 000000
3656 0502 0808 0000 11/04/17 05:37 06 01    27.9   3.710    103.51 000000
3657 0614 0659 0000 11/04/17 08:12 02 04     6.6   3.410     22.51 000000
3658 0255 0754 0000 11/04/17 08:16 03 02    30.0   3.870    116.10 000000
3659 0124 0570 0000 11/04/17 08:18 05 01    19.9   3.710     73.83 000000
3660 0217 0897 0000 11/04/17 08:27 05 01    22.8   3.710     84.59 000000
3661 0290 0829 0000 11/04/17 08:50 01 04    50.1   3.410    170.84 000000 LIMIT CUTOFF
3662 0317 0642 0000 11/04/17 09:32 05 01    22.2   3.710     82.36 000000
3663 0220 0897 0000 11/04/17 11:00 03 02    23.9   3.870     92.49 000000
3664 0565 0871 0000 11/04/17 11:50 04 02    30.7   3.870    118.81 000000
3665 0380 0674 0000 11/04/17 12:48 05 01    21.3   3.710     79.02 000000
3666 0475 0546 0000 11/04/17 13:10 02 04     9.0   3.410     30.69 000000
3667 0165 0741 0000 11/04/17 13:35 05 01     9.8   3.710     36.36 000000
3668 0585 0808 0000 11/04/17 13:55 03 02    50.0   3.870    193.50 000000 LIMIT CUTOFF
3669 0376 0848 0000 11/04/17 17:44 02 04     5.4   3.410     18.41 000000
3670 0327 0522 0000 11/05/17 12:41 05 01    13.3   3.710     49.34 000000
3671 0317 0642 0000 11/05/17 13:30 05 01    12.8   3.710     47.49 000000
3672 0245 0510 0000 11/05/17 13:57 02 04     4.2   3.410     14.32 000000
3673 0580 0904 0000 11/05/17 14:06 04 02    79.5   3.870    307.67 000000
3674 0533 0910 0000 11/05/17 18:25 03 02    33.3   3.870    128.87 000000
3675 0421 0808 0000 11/06/17 05:33 05 01    14.0   3.710     51.94 000000
3676 0561 0897 0000 11/06/17 06:57 03 02    27.2   3.870    105.26 000000
3677 0620 0808 0000 11/06/17 07:32 02 04    47.7   3.410    162.66 000000
3678 0324 0522 0000 11/06/17 08:17 05 01    26.6   3.710     98.69 000000
3679 0548 0850 0000 11/06/17 08:48 00 00     0.    0.000      0.00 000000 READ ERROR
3680 0597 0215 0000 11/06/17 08:48 05 01    29.8   3.710    110.56 000000
3681 0295 0501 0000 11/06/17 08:49 04 02    53.2   3.870    205.88 000000
3682 0548 0858 0000 11/06/17 08:50 06 01    18.3   3.710     67.89 000000
3683 0294 0501 0000 11/06/17 08:53 04 02    33.2   3.870    128.48 000000
3684 0506 0222 0000 11/06/17 09:16 02 04     5.1   3.410     17.39 000000
3685 0194 0675 0011 11/06/17 09:30 05 01    19.5   3.710     72.35 000000
3686 0629 0667 0000 11/06/17 09:48 06 01    20.0   3.710     74.20 000000
3687 0592 0765 0000 11/06/17 10:23 05 01    19.3   3.710     71.60 000000
3688 0289 0821 0000 11/06/17 10:42 04 02    62.8   3.870    243.04 000000
3689 0465 0887 0000 11/06/17 11:24 03 02    43.7   3.870    169.12 000000
3690 0122 0728 0000 11/06/17 11:42 06 01     0.0   3.710      0.00 000000 TIMED OUT
3691 0122 0728 0000 11/06/17 11:42 06 01     0.0   3.710      0.00 000000 PMP SW ERROR
3692 0122 0728 0000 11/06/17 11:45 06 01     7.6   3.710     28.20 000000
3693 0310 0887 0000 11/06/17 12:46 04 02    34.9   3.870    135.06 000000
3694 0585 0808 0000 11/06/17 13:08 05 01    20.1   3.710     74.57 000000
3695 0136 0592 0136 11/06/17 14:41 05 01     7.8   3.710     28.94 000000
3696 0591 0769 0000 11/06/17 14:43 03 02    27.0   3.870    104.49 000000
3697 0574 0858 0000 11/06/17 15:12 03 02    14.6   3.870     56.50 000000
3698 0454 0211 0000 11/06/17 15:23 05 01    17.3   3.710     64.18 000000
3699 0532 0675 0000 11/06/17 15:24 01 04    24.8   3.410     84.57 000000
3700 0603 0228 0000 11/06/17 15:53 05 01    20.8   3.710     77.17 000000
3701 0602 0228 0000 11/06/17 16:07 05 01    19.0   3.710     70.49 000000
3702 0107 0556 0000 11/06/17 17:05 05 01    11.0   3.710     40.81 000000
3703 0574 0858 0000 11/06/17 20:44 03 02     5.0   3.870     19.35 000000
3704 0113 0834 0000 11/06/17 21:52 01 04    83.2   3.410    283.71 000000
3705 0113 0834 0000 11/06/17 21:56 03 02    20.3   3.870     78.56 000000
3706 0446 0209 0000 11/07/17 07:09 03 02     5.9   3.870     22.83 000000
3707 0386 0887 0000 11/07/17 07:24 03 02     5.9   3.870     22.83 000000
3708 0386 0887 0000 11/07/17 07:27 01 04    69.1   3.410    235.63 000000
3709 0224 0581 0000 11/07/17 07:43 06 01     5.5   3.710     20.41 000000
3710 0619 0808 0000 11/07/17 07:47 03 02     8.0   3.870     30.96 000000
3711 0620 0808 0000 11/07/17 08:02 02 04    38.7   3.410    131.97 000000
3712 0229 0681 0000 11/07/17 08:18 05 01    13.0   3.710     48.23 000000
3713 0609 0887 0000 11/07/17 08:28 01 04    90.6   3.410    308.95 000000
3714 0593 0227 0000 11/07/17 09:04 03 02    81.5   3.870    315.41 000000
3715 0617 0808 0000 11/07/17 10:19 04 02    70.0   3.870    270.90 000000
3716 0541 0209 0000 11/07/17 14:30 04 02    18.0   3.870     69.66 000000
3717 0165 0741 0000 11/07/17 14:40 05 01    10.2   3.710     37.84 000000
3718 0591 0769 0000 11/07/17 14:45 03 02    27.2   3.870    105.26 000000
3719 0122 0728 0000 11/07/17 15:04 06 01     6.8   3.710     25.23 000000
3720 0611 0209 0000 11/07/17 15:07 04 02    40.0   3.870    154.80 000000
3721 0185 0675 5426 11/07/17 15:55 05 01    10.2   3.710     37.84 000000
3722 0520 0217 0000 11/07/17 16:07 06 01    20.2   3.710     74.94 000000
3723 0519 0217 0000 11/07/17 16:34 03 02    19.0   3.870     73.53 000000
3724 0317 0642 0000 11/07/17 16:36 05 01    13.8   3.710     51.20 000000
3725 0326 0522 0000 11/07/17 16:51 03 02    29.7   3.870    114.94 000000
3726 0615 0217 0000 11/07/17 17:30 03 02    32.9   3.870    127.32 000000
3727 0378 0910 0000 11/07/17 17:50 03 02    18.0   3.870     69.66 000000
3728 0113 0834 0000 11/07/17 20:00 01 04    78.5   3.410    267.69 000000
3729 0573 0858 0000 11/07/17 23:11 03 02     7.0   3.870     27.09 000000
3730 0421 0808 0000 11/08/17 06:34 05 01    20.4   3.710     75.68 000000
3731 0232 0522 0000 11/08/17 06:58 05 01    21.0   3.710     77.91 000000
3732 0505 0522 0000 11/08/17 07:20 04 02    27.9   3.870    107.97 000000
3733 0424 0522 0000 11/08/17 07:20 03 02    29.0   3.870    112.23 000000
3734 0446 0209 0000 11/08/17 07:23 03 02     9.9   3.870     38.31 000000
3735 0421 0808 0000 11/08/17 07:24 01 04    34.4   3.410    117.30 000000
3736 0616 0808 0000 11/08/17 07:41 04 02    42.8   3.870    165.64 000000
3737 0506 0222 0000 11/08/17 07:43 03 02    28.1   3.870    108.75 000000
3738 0447 0209 0000 11/08/17 09:31 03 02    31.8   3.870    123.07 000000
3739 0430 0205 0000 11/08/17 09:33 05 01    23.0   3.710     85.33 000000
3740 0593 0227 0000 11/08/17 10:24 03 02    32.9   3.870    127.32 000000
3741 0310 0887 0000 11/08/17 10:37 04 02    30.0   3.870    116.10 000000
3742 0465 0887 0000 11/08/17 12:14 03 02    49.7   3.870    192.34 000000
3743 0541 0209 0000 11/08/17 12:41 04 02     8.0   3.870     30.96 000000
3744 0475 0546 0000 11/08/17 14:18 05 01    18.2   3.710     67.52 000000
3745 0542 0209 0000 11/08/17 14:28 04 02    38.0   3.870    147.06 000000
3746 0487 0765 0000 11/08/17 15:15 05 01     6.8   3.710     25.23 000000
3747 0611 0209 0000 11/08/17 15:23 04 02    31.0   3.870    119.97 000000
3748 0502 0808 0000 11/08/17 15:30 03 02    47.4   3.870    183.44 000000
3749 0107 0556 0000 11/08/17 15:50 05 01    17.0   3.710     63.07 000000
3750 0593 0227 0000 11/08/17 15:50 03 02     3.3   3.870     12.77 000000
3751 0593 0227 0000 11/08/17 16:03 03 02    89.3   3.870    345.59 000000
3752 0442 0754 0000 11/08/17 16:30 04 02   139.6   3.870    540.25 000000
3753 0617 0808 0000 11/08/17 17:04 04 02    73.0   3.870    282.51 000000
3754 0512 0223 0000 11/09/17 06:30 04 02    40.0   3.870    154.80 000000
3755 0506 0222 0000 11/09/17 07:13 04 02    23.0   3.870     89.01 000000
3756 0446 0209 0000 11/09/17 07:18 03 02    10.2   3.870     39.47 000000
3757 0231 0522 0231 11/09/17 07:25 05 01    13.0   3.710     48.23 000000
3758 0325 0522 0000 11/09/17 07:25 04 02    30.6   3.870    118.42 000000
3759 0620 0808 0000 11/09/17 07:38 02 04    49.2   3.410    167.77 000000
3760 0465 0887 0000 11/09/17 07:43 03 02    17.0   3.870     65.79 000000
3761 0486 0675 0035 11/09/17 08:29 04 02    42.4   3.870    164.09 000000
3762 0295 0501 0000 11/09/17 08:54 04 02    75.0   3.870    290.25 000000
3763 0616 0808 0000 11/09/17 12:29 01 04    70.5   3.410    240.41 000000
3764 0114 0834 0000 11/09/17 12:31 05 01    19.4   3.710     71.97 000000
3765 0616 0808 0000 11/09/17 12:33 06 01    27.3   3.710    101.28 000000
3766 0542 0209 0000 11/09/17 13:22 04 02    26.0   3.870    100.62 000000
3767 0541 0209 0000 11/09/17 13:43 04 02    26.0   3.870    100.62 000000
3768 0611 0209 0000 11/09/17 13:49 04 02    24.0   3.870     92.88 000000
3769 0617 0808 0000 11/09/17 15:01 03 02    30.0   3.870    116.10 000000
3770 0442 0754 0000 11/09/17 15:39 04 02    98.2   3.870    380.03 000000
3771 0585 0808 0000 11/09/17 15:44 03 02    50.1   3.870    193.89 000000 LIMIT CUTOFF
3772 0519 0217 0000 11/09/17 16:13 03 02     0.9   3.870      3.48 000000
3773 0519 0217 0000 11/09/17 16:18 03 02    42.3   3.870    163.70 000000
3774 0156 0646 0000 11/09/17 16:22 05 01    12.1   3.710     44.89 000000
3775 0272 0897 0000 11/09/17 16:40 03 02    27.1   3.870    104.88 000000
3776 0315 0633 0000 11/09/17 16:44 03 02    29.5   3.870    114.17 000000
3777 ?0?? 0008 0000 11/09/17 16:46 00 00     0.    0.000      0.00 000000 READ ERROR
3778 0574 0858 0000 11/09/17 16:50 03 02    13.1   3.870     50.70 000000
3779 0592 0765 0000 11/09/17 17:51 05 01    20.0   3.710     74.20 000000
3780 0220 0897 0000 11/09/17 19:51 03 02    27.5   3.870    106.43 000000
3781 0592 0765 0000 11/10/17 07:20 03 02     0.8   3.870      3.10 000000
3782 0446 0209 0000 11/10/17 07:29 04 02     4.6   3.870     17.80 000000
3783 0386 0887 0000 11/10/17 07:33 01 04    88.0   3.410    300.08 000000
3784 0219 0897 0000 11/10/17 07:41 03 02    30.6   3.870    118.42 000000
3785 0216 0761 0000 11/10/17 10:19 03 02    23.0   3.870     89.01 000000
3786 0585 0808 0000 11/10/17 11:07 05 01    15.0   3.710     55.65 000000
3787 0310 0887 0000 11/10/17 13:20 04 02    30.0   3.870    116.10 000000
3788 0611 0209 0000 11/10/17 13:28 04 02    21.0   3.870     81.27 000000
3789 0324 0522 0000 11/10/17 14:02 05 01    26.4   3.710     97.94 000000
3790 0317 0642 0000 11/10/17 14:17 05 01     9.3   3.710     34.50 000000
3791 0585 0808 0000 11/10/17 15:54 03 02    50.0   3.870    193.50 000000 LIMIT CUTOFF
3792 0483 0215 0000 11/10/17 16:14 02 04    19.1   3.410     65.13 000000
3793 0294 0501 0000 11/10/17 16:50 04 02    90.0   3.870    348.30 000000
3794 0326 0522 0000 11/10/17 16:58 03 02    30.7   3.870    118.81 000000
3795 0574 0858 0000 11/10/17 17:36 00 00     0.    0.000      0.00 000000 READ ERROR
3796 0598 0511 0000 11/10/17 17:39 06 01    17.4   3.710     64.55 000000
3797 0225 0581 0000 11/10/17 18:08 06 01    17.7   3.710     65.67 000000
3798 0601 0833 0000 11/10/17 18:21 03 02    26.6   3.870    102.94 000000
3799 0113 0834 0000 11/10/17 20:27 03 02    29.6   3.870    114.55 000000
3800 0502 0808 0000 11/11/17 06:36 06 01    27.3   3.710    101.28 000000
3801 0268 0909 0000 11/11/17 11:12 06 01    16.4   3.710     60.84 000000
3802 0551 0858 0000 11/11/17 12:52 02 04     6.9   3.410     23.53 000000
3803 0288 0821 0000 11/11/17 13:55 05 01    23.1   3.710     85.70 000000
3804 0229 0681 0000 11/11/17 21:43 05 01    13.3   3.710     49.34 000000
3805 0566 0858 0000 11/12/17 10:54 05 01    13.5   3.710     50.09 000000
3806 0232 0522 0000 11/12/17 13:27 05 01    20.6   3.710     76.43 000000
3807 0550 0858 0000 11/12/17 14:46 02 04     9.5   3.410     32.40 000000
3808 0160 0674 0000 11/12/17 15:25 05 01    15.4   3.710     57.13 000000
3809 0317 0642 0000 11/12/17 15:56 05 01    19.9   3.710     73.83 000000
3810 0270 0897 0000 11/12/17 16:25 06 01    15.1   3.710     56.02 000000
3811 0334 0600 0000 11/12/17 17:32 04 02   100.0   3.870    387.00 000000 LIMIT CUTOFF
3812 0334 0600 0000 11/12/17 17:41 04 02    34.4   3.870    133.13 000000
3813 0562 0897 0000 11/13/17 06:01 03 02    24.6   3.870     95.20 000000
3814 0338 0600 0000 11/13/17 06:09 04 02   100.1   3.870    387.39 000000 LIMIT CUTOFF
3815 0338 0600 0000 11/13/17 06:15 04 02    50.1   3.870    193.89 000000
3816 0386 0887 0000 11/13/17 07:42 01 04    68.0   3.410    231.88 000000
3817 0512 0223 0000 11/13/17 07:43 04 02    25.1   3.870     97.14 000000
3818 0616 0808 0000 11/13/17 08:06 01 04    45.8   3.410    156.18 000000
3819 0597 0215 0000 11/13/17 08:22 05 01    30.0   3.710    111.30 000000
3820 0296 0501 0000 11/13/17 08:35 03 02    87.7   3.870    339.40 000000
3821 0506 0222 0000 11/13/17 08:36 04 02    30.0   3.870    116.10 000000
3822 0486 0675 0029 11/13/17 08:52 01 04    25.8   3.410     87.98 000000
3823 0122 0728 0000 11/13/17 09:14 06 01     4.0   3.710     14.84 000000
3824 0591 0769 0000 11/13/17 09:50 03 02    26.7   3.870    103.33 000000
3825 0629 0667 0000 11/13/17 10:26 06 01    14.1   3.710     52.31 000000
3826 0533 0910 0000 11/13/17 11:20 03 02    25.2   3.870     97.52 000000
3827 0507 0887 0000 11/13/17 11:33 03 02    24.0   3.870     92.88 000000
3828 0507 0887 0000 11/13/17 11:37 02 04    74.0   3.410    252.34 000000
3829 0217 0897 0000 11/13/17 13:28 05 01    18.2   3.710     67.52 000000
3830 0283 0501 0000 11/13/17 13:29 03 02    25.2   3.870     97.52 000000
3831 0123 0570 0000 11/13/17 14:53 05 01    11.5   3.710     42.67 000000
3832 0572 0858 0000 11/13/17 15:39 03 02     9.1   3.870     35.22 000000
3833 0442 0754 0000 11/13/17 16:11 04 02    83.7   3.870    323.92 000000
3834 0290 0829 0000 11/13/17 16:26 01 04    50.1   3.410    170.84 000000 LIMIT CUTOFF
3835 0585 0808 0000 11/13/17 16:53 03 02    48.9   3.870    189.24 000000
3836 0506 0222 0000 11/14/17 06:53 04 02    35.0   3.870    135.45 000000
3837 0446 0209 0000 11/14/17 06:58 03 02     6.0   3.870     23.22 000000
3838 0557 0217 0000 11/14/17 07:26 06 01    18.6   3.710     69.01 000000
3839 0609 0887 0000 11/14/17 07:26 01 04    96.9   3.410    330.43 000000
3840 0512 0223 0000 11/14/17 07:33 04 02    25.0   3.870     96.75 000000
3841 0553 0887 0000 11/14/17 07:37 01 04    88.6   3.410    302.13 000000
3842 0616 0808 0000 11/14/17 07:56 01 04    14.7   3.410     50.13 000000
3843 0616 0808 0000 11/14/17 07:58 05 01    13.7   3.710     50.83 000000
3844 0620 0808 0000 11/14/17 08:10 02 04    38.6   3.410    131.63 000000
3845 0376 0848 0000 11/14/17 08:20 05 01    16.1   3.710     59.73 000000
3846 0430 0205 0000 11/14/17 08:21 04 02    64.0   3.870    247.68 000000
3847 0614 0659 0000 11/14/17 08:58 03 02    30.8   3.870    119.20 000000
3848 0614 0659 0000 11/14/17 08:58 02 04    25.5   3.410     86.96 000000
3849 0602 0228 0000 11/14/17 09:27 05 01    19.3   3.710     71.60 000000
3850 0140 0745 0000 11/14/17 09:33 02 04     5.6   3.410     19.10 000000
3851 0140 0745 0000 11/14/17 09:34 05 01    25.7   3.710     95.35 000000
3852 0122 0728 0000 11/14/17 09:36 06 01    10.5   3.710     38.96 000000
3853 0586 0215 0000 11/14/17 10:33 02 04    43.4   3.410    147.99 000000
3854 0310 0887 0000 11/14/17 11:28 04 02    51.0   3.870    197.37 000000
3855 0615 0217 0000 11/14/17 11:35 03 02    26.8   3.870    103.72 000000
3856 0629 0667 0000 11/14/17 11:38 05 01     5.0   3.710     18.55 000000
3857 0564 0833 0000 11/14/17 12:04 06 01    20.0   3.710     74.20 000000
3858 0380 0674 0000 11/14/17 13:07 05 01    20.3   3.710     75.31 000000
3859 0541 0209 0000 11/14/17 13:17 04 02    31.0   3.870    119.97 000000
3860 0611 0209 0000 11/14/17 14:16 04 02    34.0   3.870    131.58 000000
3861 0534 0910 0000 11/14/17 14:34 03 02    33.7   3.870    130.42 000000
3862 0573 0858 0000 11/14/17 14:38 03 02     7.1   3.870     27.48 000000
3863 0506 0222 0000 11/14/17 16:08 05 01    31.5   3.710    116.87 000000
3864 0585 0808 0000 11/14/17 16:58 03 02    20.7   3.870     80.11 000000
3865 0388 0754 0000 11/14/17 17:03 04 02   143.1   3.870    553.80 000000
3866 0442 0754 0000 11/14/17 17:25 04 02   115.0   3.870    445.05 000000
3867 0113 0834 0000 11/14/17 18:20 01 04    86.2   3.410    293.94 000000
3868 0113 0834 0000 11/14/17 18:24 03 02    22.4   3.870     86.69 000000
3869 0229 0681 0000 11/14/17 18:25 06 01    18.0   3.710     66.78 000000
3870 0430 0205 0000 11/14/17 19:55 05 01    24.0   3.710     89.04 000000
3871 0585 0808 0000 11/15/17 06:14 06 01    30.0   3.710    111.30 000000
3872 0421 0808 0000 11/15/17 06:33 05 01    31.3   3.710    116.12 000000
3873 0446 0209 0000 11/15/17 07:57 03 02    10.6   3.870     41.02 000000
3874 0114 0834 0000 11/15/17 08:05 05 01     5.7   3.710     21.15 000000
3875 0114 0834 0000 11/15/17 08:08 06 01    10.4   3.710     38.58 000000
3876 0347 0577 0000 11/15/17 08:21 02 04    15.6   3.410     53.20 000000
3877 0575 0750 0000 11/15/17 10:39 05 01    16.9   3.710     62.70 000000
3878 0487 0765 0000 11/15/17 10:41 06 01    10.4   3.710     38.58 000000
3879 0541 0209 0000 11/15/17 11:25 04 02    13.0   3.870     50.31 000000
3880 0194 0675 0011 11/15/17 12:27 05 01    16.6   3.710     61.59 000000
3881 0611 0209 0000 11/15/17 13:24 04 02    27.9   3.870    107.97 000000
3882 0542 0209 0000 11/15/17 14:31 04 02    43.0   3.870    166.41 000000
3883 0610 0209 0000 11/15/17 14:42 04 02    33.0   3.870    127.71 000000
3884 0510 0600 0000 11/15/17 15:03 04 02   100.0   3.870    387.00 000000 LIMIT CUTOFF
3885 0510 0600 0000 11/15/17 15:09 04 02    85.5   3.870    330.89 000000
3886 0615 0217 0000 11/15/17 16:53 01 04    99.1   3.410    337.93 000000
3887 0551 0858 0000 11/15/17 18:25 02 04     4.1   3.410     13.98 000000
3888 0224 0581 0000 11/15/17 18:25 06 01    13.6   3.710     50.46 000000
3889 0220 0897 0000 11/15/17 19:56 03 02    25.5   3.870     98.69 000000
3890 0512 0223 0000 11/16/17 07:19 04 02    86.0   3.870    332.82 000000
3891 0616 0808 0000 11/16/17 07:31 04 02    41.9   3.870    162.15 000000
3892 0421 0808 0000 11/16/17 07:35 01 04     6.5   3.410     22.17 000000
3893 0446 0209 0000 11/16/17 07:35 03 02     8.2   3.870     31.73 000000
3894 0386 0887 0000 11/16/17 07:53 01 04    86.1   3.410    293.60 000000
3895 0575 0750 0000 11/16/17 08:14 05 01    12.1   3.710     44.89 000000
3896 0122 0728 0000 11/16/17 08:27 06 01     3.5   3.710     12.99 000000
3897 0506 0222 0000 11/16/17 08:35 04 02    90.1   3.870    348.69 000000
3898 0585 0808 0000 11/16/17 10:21 04 02    50.0   3.870    193.50 000000 LIMIT CUTOFF
3899 0621 0833 0000 11/16/17 10:37 05 01     5.0   3.710     18.55 000000
3900 0621 0833 0000 11/16/17 10:40 02 04    50.0   3.410    170.50 000000 LIMIT CUTOFF
3901 0614 0659 0000 11/16/17 11:48 04 02    15.5   3.870     59.99 000000
3902 0595 0209 0000 11/16/17 11:53 04 02    31.3   3.870    121.13 000000
3903 0122 0728 0000 11/16/17 12:29 06 01     5.1   3.710     18.92 000000
3904 0118 0763 0000 11/16/17 12:32 05 01    27.8   3.710    103.14 000000
3905 0255 0754 0000 11/16/17 12:43 03 02    35.0   3.870    135.45 000000
3906 0326 0522 0000 11/16/17 13:00 03 02    32.1   3.870    124.23 000000
3907 0611 0209 0000 11/16/17 13:07 04 02    22.0   3.870     85.14 000000
3908 0541 0209 0000 11/16/17 13:32 04 02    26.0   3.870    100.62 000000
3909 0272 0897 0000 11/16/17 13:58 03 02    30.9   3.870    119.58 000000
3910 0181 0675 0005 11/16/17 14:13 05 01    23.8   3.710     88.30 000000
3911 0107 0556 0000 11/16/17 14:51 05 01    20.0   3.710     74.20 000000
3912 0542 0209 0000 11/16/17 14:57 04 02    32.0   3.870    123.84 000000
3913 0317 0642 0000 11/16/17 16:51 05 01     4.6   3.710     17.07 000000
3914 0532 0675 0000 11/16/17 16:58 05 01    21.7   3.710     80.51 000000
3915 0531 0675 0000 11/16/17 17:24 05 01    27.2   3.710    100.91 000000
3916 0544 0501 0000 11/16/17 18:33 03 02    34.8   3.870    134.68 000000
3917 0290 0829 0000 11/16/17 18:39 01 04    50.1   3.410    170.84 000000 LIMIT CUTOFF
3918 0615 0217 0000 11/16/17 20:46 06 01    13.4   3.710     49.71 000000
3919 0446 0209 0000 11/17/17 07:11 03 02    10.4   3.870     40.25 000000
3920 0609 0887 0000 11/17/17 07:29 03 02    23.0   3.870     89.01 000000
3921 0609 0887 0000 11/17/17 07:33 01 04    99.0   3.410    337.59 000000
3922 0465 0887 0000 11/17/17 07:46 04 02    60.0   3.870    232.20 000000
3923 0232 0522 0000 11/17/17 07:48 05 01    22.5   3.710     83.48 000000
3924 0386 0887 0000 11/17/17 07:50 03 02    24.4   3.870     94.43 000000
3925 0386 0887 0000 11/17/17 07:52 01 04    74.1   3.410    252.68 000000
3926 0620 0808 0000 11/17/17 08:46 03 02    29.1   3.870    112.62 000000
3927 0310 0887 0000 11/17/17 09:13 04 02    30.0   3.870    116.10 000000
3928 0302 0871 0000 11/17/17 10:01 05 01    13.1   3.710     48.60 000000
3929 0541 0209 0000 11/17/17 11:27 04 02    12.0   3.870     46.44 000000
3930 0140 0745 0000 11/17/17 11:33 05 01    20.6   3.710     76.43 000000
3931 0114 0834 0000 11/17/17 12:06 06 01    19.0   3.710     70.49 000000
3932 0595 0209 0000 11/17/17 12:26 04 02    14.5   3.870     56.12 000000
3933 0548 0858 0000 11/17/17 12:30 05 01    20.4   3.710     75.68 000000
3934 0122 0728 0000 11/17/17 12:36 06 01     2.9   3.710     10.76 000000
3935 0611 0209 0000 11/17/17 12:52 04 02    24.0   3.870     92.88 000000
3936 0324 0522 0000 11/17/17 13:14 05 01    27.0   3.710    100.17 000000
3937 0557 0217 0000 11/17/17 13:34 05 01    25.5   3.710     94.61 000000
3938 0565 0871 0000 11/17/17 14:15 04 02    21.2   3.870     82.04 000000
3939 0585 0808 0000 11/17/17 14:24 04 02    50.0   3.870    193.50 000000 LIMIT CUTOFF
3940 0602 0228 0000 11/17/17 15:31 05 01    19.7   3.710     73.09 000000
3941 0165 0741 0000 11/17/17 15:35 05 01     9.5   3.710     35.25 000000
3942 0229 0681 0000 11/17/17 16:31 06 01    25.0   3.710     92.75 000000
3943 0113 0834 0000 11/17/17 16:56 03 02    17.7   3.870     68.50 000000
3944 0592 0765 0000 11/17/17 18:06 05 01    20.4   3.710     75.68 000000
3945 0284 0501 0000 11/17/17 18:33 06 01    10.9   3.710     40.44 000000
3946 0124 0570 0000 11/18/17 06:35 05 01    21.6   3.710     80.14 000000
3947 0598 0511 0000 11/18/17 09:34 06 01    16.8   3.710     62.33 000000
3948 0124 0570 0000 11/18/17 09:56 02 04     9.6   3.410     32.74 000000
3949 0502 0808 0000 11/18/17 15:07 03 02    62.3   3.870    241.10 000000
3950 0564 0833 0000 11/18/17 16:50 03 02    30.7   3.870    118.81 000000
3951 0574 0858 0000 11/18/17 17:17 03 02    20.0   3.870     77.40 000000
3952 0585 0808 0000 11/19/17 08:16 06 01    28.4   3.710    105.36 000000
3953 0347 0577 0000 11/20/17 05:51 02 04    11.9   3.410     40.58 000000
3954 0502 0808 0000 11/20/17 06:18 06 01    26.9   3.710     99.80 000000
3955 0270 0897 0000 11/20/17 06:55 06 01    20.0   3.710     74.20 000000
3956 0325 0522 0000 11/20/17 07:48 03 02    26.1   3.870    101.01 000000
3957 0505 0522 0000 11/20/17 07:50 04 02    30.1   3.870    116.49 000000
3958 0421 0808 0000 11/20/17 07:56 05 01    24.1   3.710     89.41 000000
3959 0620 0808 0000 11/20/17 08:41 02 04    40.6   3.410    138.45 000000
3960 0454 0211 0000 11/20/17 09:04 05 01    14.0   3.710     51.94 000000
3961 0140 0745 0000 11/20/17 09:43 05 01    17.2   3.710     63.81 000000
3962 0586 0215 0000 11/20/17 09:51 02 04    35.3   3.410    120.37 000000
3963 0107 0556 0000 11/20/17 11:06 05 01    17.0   3.710     63.07 000000
3964 0421 0808 0000 11/20/17 12:24 05 01     2.0   3.710      7.42 000000
3965 0383 0504 0000 11/20/17 12:45 05 01    22.6   3.710     83.85 000000
3966 0585 0808 0000 11/20/17 13:03 04 02    32.3   3.870    125.00 000000
3967 0315 0633 0000 11/20/17 13:16 03 02    27.9   3.870    107.97 000000 TIMED OUT
3968 0388 0754 0000 11/20/17 13:19 04 02    95.2   3.870    368.42 000000
3969 0123 0570 0000 11/20/17 13:53 05 01    11.5   3.710     42.67 000000
3970 0596 0769 0000 11/20/17 14:11 05 01    18.2   3.710     67.52 000000
3971 0533 0910 0000 11/20/17 14:46 03 02    27.0   3.870    104.49 000000
3972 0160 0674 0000 11/20/17 14:55 01 04    50.0   3.410    170.50 000000
3973 0160 0674 0000 11/20/17 14:59 03 02    24.4   3.870     94.43 000000
3974 0585 0808 0000 11/20/17 15:44 04 02    39.0   3.870    150.93 000000
3975 0442 0754 0000 11/20/17 16:05 04 02   120.8   3.870    467.50 000000
3976 0430 0205 0000 11/20/17 16:16 06 01    13.4   3.710     49.71 000000
3977 0114 0834 0000 11/20/17 17:07 05 01    20.6   3.710     76.43 000000
3978 0165 0741 0000 11/20/17 19:41 05 01     7.6   3.710     28.20 000000
3979 0550 0858 0000 11/20/17 20:01 02 04    15.3   3.410     52.17 000000
3980 0551 0858 0000 11/20/17 20:31 02 04    12.0   3.410     40.92 000000
3981 0113 0834 0000 11/20/17 22:12 01 04    64.1   3.410    218.58 000000
3982 0113 0834 0000 11/20/17 22:16 03 02    25.2   3.870     97.52 000000
3983 0512 0223 0000 11/21/17 06:15 04 02    48.0   3.870    185.76 000000
3984 0446 0209 0000 11/21/17 07:18 03 02     6.7   3.870     25.93 000000
3985 0284 0501 0000 11/21/17 07:31 06 01    21.3   3.710     79.02 000000
3986 0620 0808 0000 11/21/17 07:54 02 04    18.4   3.410     62.74 000000
3987 0506 0222 0000 11/21/17 08:22 04 02    70.0   3.870    270.90 000000
3988 0122 0728 0000 11/21/17 08:39 06 01     5.1   3.710     18.92 000000
3989 0615 0217 0000 11/21/17 09:11 03 02    32.3   3.870    125.00 000000
3990 0615 0217 0000 11/21/17 10:28 03 02    23.0   3.870     89.01 000000
3991 0224 0581 0000 11/21/17 10:33 06 01    10.3   3.710     38.21 000000
3992 0507 0887 0000 11/21/17 11:40 03 02    25.5   3.870     98.69 000000
3993 0502 0808 0000 11/21/17 12:08 05 01     4.5   3.710     16.70 000000
3994 0591 0769 0000 11/21/17 12:43 03 02    27.3   3.870    105.65 000000
3995 0315 0633 0000 11/21/17 13:09 02 04    16.2   3.410     55.24 000000
3996 0585 0808 0000 11/21/17 13:40 04 02    31.9   3.870    123.45 000000
3997 0465 0887 0000 11/21/17 14:53 04 02    60.6   3.870    234.52 000000
3998 0541 0209 0000 11/21/17 14:57 04 02    21.0   3.870     81.27 000000
3999 0611 0209 0000 11/21/17 15:03 04 02    38.0   3.870    147.06 000000
4000 0290 0829 0000 11/21/17 15:05 01 04    50.1   3.410    170.84 000000 LIMIT CUTOFF
4001 0315 0633 0000 11/21/17 15:57 02 04    16.2   3.410     55.24 000000
4002 0327 0522 0000 11/21/17 16:36 02 04     0.0   3.410      0.00 000000 TIMED OUT
4003 0327 0522 0000 11/21/17 16:39 03 02    21.5   3.870     83.21 000000
4004 0122 0728 0000 11/21/17 16:46 06 01     7.5   3.710     27.83 000000
4005 0574 0858 0000 11/21/17 16:53 03 02     9.8   3.870     37.93 000000
4006 0585 0808 0000 11/21/17 17:12 04 02    31.9   3.870    123.45 000000
4007 0603 0228 0000 11/21/17 17:45 05 01    22.3   3.710     82.73 000000
4008 0562 0897 0000 11/21/17 17:53 03 02    24.4   3.870     94.43 000000
4009 0229 0681 0000 11/21/17 18:06 05 01    25.0   3.710     92.75 000000
4010 0220 0897 0000 11/21/17 18:09 03 02    26.6   3.870    102.94 000000
4011 0347 0577 0000 11/22/17 06:52 02 04    15.5   3.410     52.86 000000
4012 0446 0209 0000 11/22/17 07:17 03 02    10.2   3.870     39.47 000000
4013 0140 0745 0000 11/22/17 07:21 05 01    16.4   3.710     60.84 000000
4014 0557 0217 0000 11/22/17 07:48 03 02    24.0   3.870     92.88 000000
4015 0553 0887 0000 11/22/17 09:16 03 02    32.5   3.870    125.78 000000 TIMED OUT
4016 0553 0887 0000 11/22/17 09:17 01 04    98.5   3.410    335.89 000000
4017 0620 0808 0000 11/22/17 09:52 03 02    28.5   3.870    110.30 000000
4018 0119 0763 0000 11/22/17 09:59 06 01    13.1   3.710     48.60 000000
4019 0592 0765 0000 11/22/17 10:01 05 01    14.0   3.710     51.94 000000
4020 0475 0546 0000 11/22/17 10:18 05 01    18.2   3.710     67.52 000000
4021 0610 0209 0000 11/22/17 14:38 03 02    14.9   3.870     57.66 000000
4022 0541 0209 0000 11/22/17 14:46 04 02    26.0   3.870    100.62 000000
4023 0611 0209 0000 11/22/17 14:52 04 02    34.0   3.870    131.58 000000
4024 0284 0501 0000 11/22/17 15:16 06 01    11.0   3.710     40.81 000000
4025 0326 0522 0000 11/22/17 15:26 03 02    31.3   3.870    121.13 000000
4026 0165 0741 0000 11/22/17 15:38 05 01     9.6   3.710     35.62 000000
4027 0594 0209 0000 11/22/17 15:58 04 02    50.0   3.870    193.50 000000
4028 0194 0675 0011 11/22/17 17:29 05 01    18.5   3.710     68.64 000000
4029 0113 0834 0000 11/22/17 19:10 03 02     8.9   3.870     34.44 000000
4030 0284 0501 0000 11/22/17 19:29 05 01    16.8   3.710     62.33 000000
4031 0544 0501 0000 11/23/17 10:14 03 02    19.3   3.870     74.69 000000
4032 0229 0681 0000 11/23/17 10:42 05 01    19.1   3.710     70.86 000000
4033 0376 0848 0000 11/23/17 14:31 05 01     0.5   3.710      1.86 000000
4034 0376 0848 0000 11/23/17 14:34 02 04    14.8   3.410     50.47 000000
4035 0376 0848 0000 11/23/17 14:37 05 01     8.0   3.710     29.68 000000
4036 0160 0674 0000 11/23/17 16:59 05 01    20.0   3.710     74.20 000000
4037 0446 0209 0000 11/24/17 07:15 03 02     9.6   3.870     37.15 000000
4038 0292 0674 0000 11/24/17 08:07 03 02    20.5   3.870     79.34 000000
4039 0541 0209 0000 11/24/17 10:47 04 02    10.0   3.870     38.70 000000
4040 0573 0858 0000 11/24/17 10:51 03 02    10.4   3.870     40.25 000000
4041 0543 0209 0000 11/24/17 11:08 04 02    14.4   3.870     55.73 000000
4042 0611 0209 0000 11/24/17 12:53 04 02    23.9   3.870     92.49 000000
4043 0140 0745 0000 11/24/17 13:27 02 04     5.6   3.410     19.10 000000
4044 0140 0745 0000 11/24/17 13:27 05 01    28.6   3.710    106.11 000000
4045 0376 0848 0000 11/24/17 13:35 02 04    13.9   3.410     47.40 000000
4046 0594 0209 0000 11/24/17 13:48 04 02    28.0   3.870    108.36 000000
4047 0614 0659 0000 11/24/17 14:37 03 02    42.7   3.870    165.25 000000
4048 0602 0228 0000 11/24/17 15:35 05 01    22.0   3.710     81.62 000000
4049 0347 0577 0000 11/25/17 06:02 02 04     9.0   3.410     30.69 000000
4050 0502 0808 0000 11/25/17 06:20 06 01    24.8   3.710     92.01 000000
4051 0446 0209 0000 11/25/17 07:12 03 02     4.2   3.870     16.25 000000
4052 0000 0000 0000 11/25/17 08:01 00 00     0.    0.000      0.00 000000 READ ERROR
4053 0156 0646 0000 11/25/17 08:03 05 01    13.5   3.710     50.09 000000
4054 0506 0222 0000 11/25/17 10:19 04 02    65.0   3.870    251.55 000000
4055 0594 0209 0000 11/25/17 11:06 04 02    15.0   3.870     58.05 000000
4056 0592 0765 0000 11/25/17 11:14 02 04    25.8   3.410     87.98 000000
4057 0542 0209 0000 11/25/17 11:18 04 02    55.0   3.870    212.85 000000
4058 0611 0209 0000 11/25/17 11:21 04 02    15.0   3.870     58.05 000000
4059 0566 0858 0000 11/25/17 11:42 05 01    15.3   3.710     56.76 000000
4060 0564 0833 0000 11/25/17 20:17 03 02    19.0   3.870     73.53 000000 TIMED OUT
4061 0232 0522 0000 11/26/17 10:03 05 01    18.4   3.710     68.26 000000
4062 0574 0858 0000 11/26/17 11:22 03 02    11.6   3.870     44.89 000000
4063 0136 0592 0136 11/26/17 14:32 05 01     8.7   3.710     32.28 000000
4064 0573 0858 0000 11/26/17 15:02 03 02     9.9   3.870     38.31 000000
4065 0302 0871 0000 11/26/17 15:17 05 01    23.0   3.710     85.33 000000
4066 0268 0909 0000 11/26/17 15:51 06 01     6.9   3.710     25.60 000000
4067 0113 0834 0000 11/26/17 18:22 01 04    81.3   3.410    277.23 000000
4068 0113 0834 0000 11/26/17 18:25 03 02    18.4   3.870     71.21 000000
4069 0421 0808 0000 11/27/17 06:31 05 01    29.1   3.710    107.96 000000
4070 0424 0522 0000 11/27/17 07:34 03 02    26.0   3.870    100.62 000000
4071 0268 0909 0000 11/27/17 07:57 06 01    14.7   3.710     54.54 000000
4072 0324 0522 0000 11/27/17 08:41 05 01    28.8   3.710    106.85 000000
4073 0557 0217 0000 11/27/17 08:54 03 02    21.5   3.870     83.21 000000
4074 0620 0808 0000 11/27/17 09:05 04 02    20.6   3.870     79.72 000000
4075 0122 0728 0000 11/27/17 10:41 06 01     4.3   3.710     15.95 000000
4076 0585 0808 0000 11/27/17 10:59 04 02    50.1   3.870    193.89 000000 LIMIT CUTOFF
4077 0290 0829 0000 11/27/17 12:00 01 04    48.1   3.410    164.02 000000
4078 0119 0763 0000 11/27/17 14:01 05 01    13.6   3.710     50.46 000000
4079 0289 0821 0000 11/27/17 14:07 03 02    59.9   3.870    231.81 000000
4080 0255 0754 0000 11/27/17 14:44 03 02    27.7   3.870    107.20 000000
4081 0620 0808 0000 11/27/17 16:03 04 02    40.3   3.870    155.96 000000
4082 0592 0765 0000 11/27/17 16:22 05 01    19.7   3.710     73.09 000000
4083 0506 0222 0000 11/27/17 17:23 05 01    14.2   3.710     52.68 000000
4084 0220 0897 0000 11/28/17 05:29 03 02    24.7   3.870     95.59 000000
4085 0585 0808 0000 11/28/17 05:53 06 01    26.3   3.710     97.57 000000
4086 0272 0897 0000 11/28/17 06:05 03 02    23.9   3.870     92.49 000000
4087 0421 0808 0000 11/28/17 06:33 01 04    35.8   3.410    122.08 000000
4088 0446 0209 0000 11/28/17 07:17 03 02     3.6   3.870     13.93 000000
4089 0609 0887 0000 11/28/17 07:32 01 04    95.0   3.410    323.95 000000
4090 0575 0750 0000 11/28/17 08:21 05 01    17.4   3.710     64.55 000000
4091 0122 0728 0000 11/28/17 08:43 06 01     5.9   3.710     21.89 000000
4092 0506 0222 0000 11/28/17 09:14 04 02     0.0   3.870      0.00 000000 TIMED OUT
4093 0270 0897 0000 11/28/17 09:14 01 04    50.0   3.410    170.50 000000 LIMIT CUTOFF
4094 0506 0222 0000 11/28/17 09:19 04 02    55.8   3.870    215.95 000000
4095 0406 0564 0000 11/28/17 09:54 05 01    20.4   3.710     75.68 000000
4096 0520 0217 0000 11/28/17 09:56 06 01    17.2   3.710     63.81 000000
4097 0224 0581 0000 11/28/17 12:06 06 01    12.1   3.710     44.89 000000
4098 0550 0858 0000 11/28/17 12:42 02 04     9.0   3.410     30.69 000000
4099 0122 0728 0000 11/28/17 13:42 06 01     2.5   3.710      9.28 000000
4100 0541 0209 0000 11/28/17 14:01 04 02    20.0   3.870     77.40 000000
4101 0591 0769 0000 11/28/17 14:20 03 02    26.4   3.870    102.17 000000
4102 0616 0808 0000 11/28/17 14:37 05 01    14.4   3.710     53.42 000000
4103 0616 0808 0000 11/28/17 14:38 05 01     0.0   3.710      0.00 000000
4104 0165 0741 0000 11/28/17 15:12 05 01    10.2   3.710     37.84 000000
4105 0626 0808 0000 11/28/17 15:18 04 02    30.7   3.870    118.81 000000
4106 0594 0209 0000 11/28/17 15:37 03 02    20.6   3.870     79.72 000000
4107 0430 0205 0000 11/28/17 16:21 06 01    20.7   3.710     76.80 000000
4108 0185 0675 5426 11/28/17 17:14 05 01    20.9   3.710     77.54 000000
4109 0113 0834 0000 11/28/17 18:30 01 04    85.0   3.410    289.85 000000
4110 0113 0834 0000 11/28/17 18:33 03 02    17.1   3.870     66.18 000000
4111 0283 0501 0000 11/28/17 18:39 03 02    25.0   3.870     96.75 000000
4112 0573 0858 0000 11/29/17 04:20 03 02    30.3   3.870    117.26 000000
4113 0542 0209 0000 11/29/17 05:31 04 02    54.0   3.870    208.98 000000
4114 0562 0897 0000 11/29/17 06:24 03 02    24.3   3.870     94.04 000000
4115 0512 0223 0000 11/29/17 06:31 04 02    50.0   3.870    193.50 000000
4116 0386 0887 0000 11/29/17 07:23 01 04    40.2   3.410    137.08 000000
4117 0325 0522 0000 11/29/17 07:26 04 02    28.8   3.870    111.46 000000
4118 0446 0209 0000 11/29/17 07:46 03 02    10.5   3.870     40.64 000000
4119 0310 0887 0000 11/29/17 07:52 04 02    38.0   3.870    147.06 000000
4120 0317 0642 0000 11/29/17 07:55 05 01    21.6   3.710     80.14 000000
4121 0606 0887 0000 11/29/17 08:01 01 04     0.0   3.410      0.00 000000 TIMED OUT
4122 0606 0887 0000 11/29/17 08:05 04 02    40.0   3.870    154.80 000000
4123 0326 0522 0000 11/29/17 08:05 03 02    33.7   3.870    130.42 000000
4124 0601 0833 0000 11/29/17 08:11 03 02    22.5   3.870     87.08 000000
4125 0122 0728 0000 11/29/17 08:39 06 01     2.6   3.710      9.65 000000
4126 0454 0211 0000 11/29/17 09:07 05 01    17.1   3.710     63.44 000000
4127 0421 0808 0000 11/29/17 10:23 01 04    21.8   3.410     74.34 000000
4128 0541 0209 0000 11/29/17 10:25 04 02     8.0   3.870     30.96 000000
4129 0615 0217 0000 11/29/17 10:41 03 02    25.8   3.870     99.85 000000
4130 0614 0659 0000 11/29/17 11:42 03 02    27.4   3.870    106.04 000000
4131 0140 0745 0000 11/29/17 11:45 05 01    22.0   3.710     81.62 000000
4132 0626 0808 0000 11/29/17 12:08 04 02    34.0   3.870    131.58 000000
4133 0502 0808 0000 11/29/17 12:57 06 01    11.2   3.710     41.55 000000
4134 0579 0839 0000 11/29/17 13:06 03 02    25.9   3.870    100.23 000000
4135 0542 0209 0000 11/29/17 14:09 04 02    29.0   3.870    112.23 000000
4136 0594 0209 0000 11/29/17 14:55 03 02    27.2   3.870    105.26 000000
4137 0447 0209 0000 11/29/17 15:09 03 02    30.8   3.870    119.20 000000
4138 0181 0675 1811 11/29/17 15:11 05 01    21.5   3.710     79.77 000000
4139 0165 0741 0000 11/29/17 17:15 05 01     8.1   3.710     30.05 000000
4140 0119 0763 0000 11/29/17 17:50 06 01    16.9   3.710     62.70 000000
4141 0504 0765 0000 11/29/17 18:01 03 02    49.9   3.870    193.11 000000
4142 0347 0577 0000 11/30/17 06:35 02 04    11.9   3.410     40.58 000000
4143 0371 0805 0000 11/30/17 07:00 04 02    50.1   3.870    193.89 000000 LIMIT CUTOFF
4144 0371 0805 0000 11/30/17 07:04 04 02    48.4   3.870    187.31 000000
4145 0505 0522 0000 11/30/17 07:37 03 02    24.6   3.870     95.20 000000
4146 0270 0897 0000 11/30/17 07:38 06 01     0.0   3.710      0.00 000000 TIMED OUT
4147 0270 0897 0000 11/30/17 07:41 06 01    20.2   3.710     74.94 000000
4148 0446 0209 0000 11/30/17 07:41 03 02     7.1   3.870     27.48 000000
4149 0547 0858 0000 11/30/17 08:27 05 01    27.8   3.710    103.14 000000
4150 0506 0222 0000 11/30/17 08:36 04 02     0.1   3.870      0.39 000000 TIMED OUT
4151 0506 0222 0000 11/30/17 08:41 04 02    70.0   3.870    270.90 000000
4152 0294 0501 0000 11/30/17 09:05 04 02    75.4   3.870    291.80 000000
4153 0542 0209 0000 11/30/17 13:55 04 02    31.0   3.870    119.97 000000
4154 0611 0209 0000 11/30/17 14:03 04 02    26.2   3.870    101.39 000000
4155 0107 0556 0000 11/30/17 15:18 05 01    23.0   3.710     85.33 000000
4156 0512 0223 0000 11/30/17 15:50 04 02    70.0   3.870    270.90 000000
4157 0310 0887 0000 11/30/17 16:02 04 02    58.5   3.870    226.40 000000
4158 0185 0675 5426 11/30/17 16:39 05 01    15.3   3.710     56.76 000000
4159 0544 0501 0000 11/30/17 16:47 03 02    33.5   3.870    129.65 000000
4160 0564 0833 0000 11/30/17 17:46 06 01    22.1   3.710     81.99 000000
